Fairuz: 0.10029337
Nost3 & Protro: 0.10019016
Abbot: 0.10017532
LEX: 0.10015139
Lakko: 0.10014624
Dudi: 0.10013062
Cheatz: 0.10012499
SLUMBERJACK: 0.10009062
RR: 0.09651138
Emma Heesters: 0.0948502
Sami: 0.09459084
Or Noir: 0.09088283
Słoń: 0.09006071
Busta Rhymes: 0.06593044
The Game: 0.05898906
Tyga: 0.04807587
DJ Stephan: 0.04194693
Robledo: 0.04088555
Ka-Meal: 0.03761487
808 Luke: 0.03752959
